{
  "q": 0.0009502711,
  "x": 0.0019858608,
  "p": 0.01751382,
  "g": 0.01700191,
  "k": 0.005086745,
  "y": 0.022844752,
  "d": 0.04920227,
  "c": 0.02666349,
  "v": 0.01113553,
  "z": 0.00062664936,
  "w": 0.02167089,
  "b": 0.014021647,
  "t": 0.08761323,
  "u": 0.030426327,
  "o": 0.07379458,
  "h": 0.057204556,
  "m": 0.03028217,
  "e": 0.13466783,
  "i": 0.062935606,
  "f": 0.02503067,
  "l": 0.037054688,
  "n": 0.07125268,
  "a": 0.077433854,
  "s": 0.061255712,
  "j": 0.0012680088,
  "r": 0.06107625
}